$ANSIBLE_VAULT;1.1;AES256
66623630616333356530643330633638393234343530373633646435373737313832303435646231
3931666262343139383663336565306236306164373666390a313537343931613931333337393634
39306461636161376564396330353361626136653231313132343930333332346637343138633639
3863373661393135390a343039336663343236373937626465363864396266326263343033303435
39616264633435663939323665383663626462643266646663646163666366623461323437393539
38643262323961656263316138363735626461613362623563616435393133643338313161633836
33363033376330623537363434386265376262643534373238636162656132653364393834383734
36636630633830393965313461653538333734643738393963306339323836646531376630363266
34613363326133356334643733623937663836383432326262653934356431303462613162353930
39636232383538636431623761653361313665303639353831333663323964336132386662656638
62323439653232663835633537306364373462333237663237656238653664626537633263373739
37353934383163326337623039613938353564656466333265363333373833623835613437623664
66623732626565393466316238316566346138346262313063663961353937393763313665323462
65653136386639616163666361663934333466653737633535663861663161643433343033626364
64353561393932346165333561376362383037643566356462633432663231366136636531313331
32353362623538656234616337643265313939613638663762626464343363616233383066616630
65663366396666303138353930323261303832386631353537306131366338366366303035336162
32363039643366393362623466346332313931353866656662336561386439313532366665656333
38636135613731633531363861323533323164663763623432666233633931656437626339336465
30336531656636656239653736613938623030383237646663316634653639656536336637623539
63636230636230643633376461613864643562623264323233623137386464666535353165333332
33383530303964323266656166336163643234303531313666663334636461623961396661346438
63623464326438353035383663326261653334376235383231323762326331613261386432383931
33343961346236333039613936393261376130383432363539383630613632343636666263393637
63313636613961333866363366383732643930373731623437653239363530656635623933376538
33303535336436626364393131313565643330353133363062366534396332633837356330346138
37633530653761646233666439643538323865653339613235653836353064633833636539306532
62313039363835373762313964373336323061353031383064336465353466306237613264356435
63363665326462306435656535346235616535333932653964336335313762396463623932366537
65303136303235373838363364396231373361353230633333646361616265663535643066343830
61366138653538346632313065336261663965313163623638326534363565383631623064303166
61616266626230623538656663346661396333343236383439323931343932373461383232653465
38323635303663316664633430363634333132613331633636303934383863383261643830643539
36666234633637653962626564663338633032336431643038396361366166353336353838363131
36643638623866636334643236393831356364333632363033333932346631666439383335376433
31636537373032326237326630623937636631313133356162326436383963343661373339323165
32356430306531323961376263306266663831373934333663323235393666376332313134643334
62306430346232366236626437393638363064623337346263616530363833656338656432323633
63643432643838663339333830373332363535666134326637316463663961666663353265343362
36386437333765333030616330633632666562303139383630623832663738393462613339623432
36383035633739316162393863643264343237393864373938383839663338656331656132623066
37386436633939366336363834666163616530376463393032353431356238396364643333656266
31613931636239663666373063383836343134656366636635353363666439613530633430653732
39363165393563343033316433643166636237323464323239643234636337303032653339373435
34336436313336313961633662616536376337316466653736383235653862616431653630313936
34393465396535613564626435636130646131633330313532323433623062396135633130376633
65333038653833303063306163336535326131613764346634396434316261393135386230653038
30663364343263376663306637393661666234343335363666356664303531326463396363626161
39623533646161333437393564616136656166306164363064666164336535643664663834316361
38353337343463346330663230366566613332666331373330343934383639623862363261313734
66666163326539633966393638643035633038656130303966373733653034613966353330626233
39336636393131613939306134646136303031633730646561323063353430663537323335363133
36386133626234386333313836323261383137663238643064393230653934333266656264383564
62383861633331653437663735656533373463623838323037633633626232383132393334353965
35613961333232303962346337623836363630623665336532373163323838333734316431396230
38343663336130313036646461616437313936363466363430326462303031353361353736376234
61303461353030313031383730323135653039643462373139316531336263643834316232356138
39346637303137386537313661333263646463383335343330633438636366646563373533366664
33396130313464346537636363306463336663313435363462326536333564386365306161323364
33653130646266366333636161306334356365313461633630643631636534626438396635313962
35303032393738366134343862613963356137306334383939313832373037633439633934396331
66316433626439646265633865396162653735346561313664656665653738333038643464616562
66393934623839393735323336636133353965323164636333633135326338626362623233323435
39346338396434323534386630613162666233633561363434613436666266656230613464376138
63303135303931326132323733383964383930613634366135396337356536623962346133366639
30333865363135333763323535366534373230313437326561353565366437346661356465346637
66386238613666613030356366376364303765646661393936653565373364656137623261326566
38356430663765623165663964663866623564396335383736333635376438613235643330376235
31356664616335333262663366653162626238656135353961633832316636303462323766323936
36376536353530656365353831326335643131636165626536303537623163316164373166316135
65636632316264613765353230303638343161613536633461356162386163363061643833306134
31373766383861643431663237373634633862623338333030323965666436653262646430396338
32353730613435613530323564663134393839303632633733306339386238336439346432323735
65653637633861663234313330646366356437373239636131613939663932626630303063313464
37633865373163386438396631653465396232663435653661323439666633663733343564623062
38346663663163626431316534393432376237626335313034656530336539333361653232373934
32643737353635663038636666396530353261656331633864393538313732343438666536626331
37393239613761626533376265396463623230323834376636383037343562346536653639366133
30336634656339653733326465313066396530623062623631303333363663636537636230366334
38363462626537343237326264353533343063383561393536313331663131653161643066313536
63643563393233666334396565333265396466316437323636656465353663316439616163646535
62343430626134353232363431633938643039663863393565656135663163666162393134333662
31386431393439346563646637653731393034343065626538366337343265393439363561663037
63356438653332313965636561343062666566313136323139666338303339303338356162633361
34316335613566306538323639356263666563316133366633643764623738333362333730636339
65623238313638626166356139303337313237643164396132613139343965326131653731363437
31313930306562306539343161613364366333313961653862366163333239386534333438303763
36653539386563376337393666623036373662623937303066346334313931323861313338666438
31303834346531666139626335663934313331313635346333633430653063326137363832613633
39643763383631316238646466323230643564386631356664623039666361333236383133303664
64373339383762636638316636303430616463323833623533646665663933326235646231343665
65633631333562663664376265326532396239663638393434616337636363373631643663653937
34376138313233356165666637393464346665386265356238353162386331306165613438313030
35363439383861623730313163663530666134313366363763353036373165373839386635366433
61393964666264613732383164353032633336646566306663396165633835373733386337396134
31613166666562643135323930323433633336333138323433323037323663343536656232366537
30313934323630333234313332306638333032306437306265613336366136373138366330616239
32663137353834323062343263323837623363386337356539343635373039633034336261626133
38346465376239326230396138633032386664356561383264386164393433333566303631353036
62366662363637323638366666306436656436326566643837353465396436383466383731353463
37373434343036353537326665323164303766396138343066393136656335353763646563383634
32313436643466393037643936326361306439353739353463613935313835353864626665613134
66376330346635326433316365386536333230383665343263303061306435363662633732376431
32626564373933656333326165383961336331396365653361653965643138643836663834323266
32616434383634323532666632343161323163313032303739373033363136643131376334343432
31383131633331333461333566346335393338383833313965656262363837646437616461646531
66316665343235656231643935633062306137633331306239316434346235343630306336656533
34333935633264613733373266663835363864646466386231626430663465303436623739333333
38643139663832393138326336366131313061303239623237356636616231393239653161643231
65626134626630376639653238666262636631663834636533636465303430323464393166656362
33323962303934666566616365396535626230643262626664623135303562343535623263396337
65376536303561383062313562393834346363343534623965343930303666353364633062343739
37373332653430396439366134356337343432616439363734613861306632353739646137303538
62333139336261376563386166383363346430343431383534616563666565316131393761383632
34326663313962616439613131623534306464663338373936613264343839323264653237303066
32303036303535353465643135643637663338343037306136346234336435343234363538316433
64393231376361656432326563316430363463393763663339376138356563326163613833363934
66383237386632643538383337366261643139386365303733303963633336643532366334636564
61636536373235653031616537336262356132306261613932313033616238663763643064303463
38336164613230363139646134336263303062326661396136303137373037393863653165383638
35393938396339346335386661383135366265356363323864383166663464373364306661383633
30323439343462313833656536306261333265323431633966316233393465303234636561323337
31313834383439343731393536643463613539373036366661303234633735363862396639323232
30373830643139393063303564313131323864386538336437383433373134366464623839346334
66396434376430636261613463306336356136643230373230653536316462316162623061313231
39313931626361623563643763623763343433326337323036323131323139386531636665643137
38306439343464316335383039623636396431316366666139336135363739346330323365303630
30643131323863633332303764623031326535663134346637363435616463303662373138396235
39333066613662323562616264323830366432666334366136363933613036396135356363323834
36393231643366393136616665396663616535326265303163616635636438343233376437353661
30366330643436356431343732396235303061376664383436353539316138643431623633623165
34363130393131653965376235643565623232656534306166306438636435633931633730376463
62643138636333333638363232363830623434313136643734303833613437313133323631336563
61386665646539616139343030303034343731396135316664303265663466663435363537383337
34353332346338613239656135626137373766626163313439666265316561633865303531643731
39653966616663376339666265653665313931623031363039353937346532376432303334386434
65336135636335333834323663316136643264323736633538393162386563386532393034303765
61633937656234643065316338383562623435643238366232306262336162383239663065386361
66643864376661373436306637316137656261383839666235343637373562366633623239373031
31336539353966346365623033353765626437303665313465626334306131633331346664356361
32623436346361323436366233653166333065386532326362656462393263376339613530366563
31653938323666346432666339393235386462633761343864343735653634333063363061656539
62663566333465353763346463393230346661353836633033353065343837343764306166616638
35633261663961613764353065626666646565376438333464343665393836323163643363623361
66653264386631616333393365663533626632333130616335333033393930336166313636326130
36393232626334363833616233373936346564616239366135643465656565343031613962323762
30353766313866653738343334383862666338326338313063646633363431373165366230386361
64393163613362376630376335313835363837636534646265316333383465613164326164323534
31323937333432346465396563386333363261623962666533363833663132353931393632653830
30656231373863656433623532653965326464633235353438376630356263313530373030353866
37323434303663613936636166336630323437303138626239633763623263623633626562343566
38663561303763386662313561626635306137386435343036636166303065653337343334396130
64663338626430653038316665363136393463663162323038303265303363626265653939623430
34306331646164373331303132663037306634363231643335333766316461343537366133383761
66626262633962353833646139323430623866636236373837616130623862366130636364626531
61643530626438653238326237373134336562386135356566326630356433393133626263633736
62396565393361626139626362656233626539336262393131333230343535636336623036666239
66386461393636336634396336656435343232363065353030373738643362303362633366353965
63336538346236303962313737653062343231353231373866646365373663303263656362316264
37303239343735386334306633653137386630346565376438323535336539373438646661323537
39366333643361313338626632643535323638376566336364613936363565616665333134653065
32663737366336373432383663663966653962326136346464373333623930363838616234313262
64346164366162663765373235326463663737613830656534303736636137393463363838343330
61316562636137303133393231643663616636386134363432303633326232323331323266323938
34303762653132386230653932376133313931336634343363326239396639626566376231663134
32353233373136396264653438643035336533353133373265323465386537356463353630393733
63633338373232383031346232383936353339643434633234663233643432343033636138656464
35336134386135303730343833376337613765613437646563313764353637626432623239303237
63646337333661336139353962643634316363376339366631663661393134643031313166306536
39656636376436616630323131363537323163316364643834626630373964313762376134333563
63663863666338363663303265306433653735386165356265343632323631386265646464663966
34663035363739313337616438303261373266646563613564343630353134303635373130343730
64316334393331623434366634616165366362323934336536623534643932373133393535636637
65366433386262613663383338366661353866356561306231323962383064613933333938313337
31353331383838663539383438386438613332663861336565626535633634653534346638393339
33376461626639333863
